Sample	0	1	2	3	4	5	6	7	8	9	10	11	12	13	14	15
SRR18856083_1	(1.0, 27.18514298407741)	(2.0, 3.391342146698136)	(3.0, 1.8094018726803016)	(4.0, 1.2810275975069891)	(5.0, 0.993662979179432)	(6.0, 0.7932090980296729)	(7.0, 0.6690653308359273)	(8.0, 0.6196930116618022)	(9.0, 0.5129425935487486)	('>10', 8.63477381162077)	('>50', 4.236715372840316)	('>100', 10.510035725038666)	('>500', 4.685866314692428)	('>1k', 10.377458686771702)	('>5k', 3.326199199012423)	('>10k+', 20.97346327580528)
SRR18856084_1	(1.0, 27.950957792277325)	(2.0, 3.4076180855082523)	(3.0, 1.7726067208812608)	(4.0, 1.2341617808874843)	(5.0, 0.9786741746269302)	(6.0, 0.8222277516924238)	(7.0, 0.7275043657755884)	(8.0, 0.5991721924255793)	(9.0, 0.586549545599044)	('>10', 9.033112972285902)	('>50', 4.3601397807095115)	('>100', 10.86607015525174)	('>500', 4.288240923940991)	('>1k', 9.445248268529143)	('>5k', 3.089502728185328)	('>10k+', 20.83821276142345)
SRR18856085_1	(1.0, 23.723872666335208)	(2.0, 3.047070253692318)	(3.0, 1.6595761611871689)	(4.0, 1.2246271675558296)	(5.0, 0.9554882777382749)	(6.0, 0.7748484042232948)	(7.0, 0.6572352410407368)	(8.0, 0.5869626994385363)	(9.0, 0.5296947987611133)	('>10', 8.295455935381362)	('>50', 4.110908930090656)	('>100', 10.294223673047574)	('>500', 4.321937602423152)	('>1k', 9.057877701221182)	('>5k', 3.5486066910107055)	('>10k+', 27.211613796852895)
SRR18856086_1	(1.0, 25.408636840903604)	(2.0, 3.455385487946008)	(3.0, 1.7796310907836825)	(4.0, 1.264219277206817)	(5.0, 0.9839951825576185)	(6.0, 0.8471335492936801)	(7.0, 0.7109081486163954)	(8.0, 0.6256994314941631)	(9.0, 0.5491853622485956)	('>10', 9.472671944709147)	('>50', 4.473595645263888)	('>100', 11.51432489551617)	('>500', 5.233581952761658)	('>1k', 13.817213235548659)	('>5k', 4.6816318219110284)	('>10k+', 15.18218613323895)
SRR18856087_1	(1.0, 7.408917309797432)	(2.0, 1.3602865187820559)	(3.0, 0.75534503950037)	(4.0, 0.5311910946601734)	(5.0, 0.44081155377261266)	(6.0, 0.37354480613169316)	(7.0, 0.31554980063491134)	(8.0, 0.2813103808851246)	(9.0, 0.2576018894731293)	('>10', 4.675265792864718)	('>50', 2.5830903328321266)	('>100', 8.482944259458169)	('>500', 5.013552375794948)	('>1k', 16.952973510245727)	('>5k', 8.227215721435858)	('>10k+', 42.34039961373094)
SRR18856088_1	(1.0, 10.948156531596192)	(2.0, 1.9094203916594183)	(3.0, 0.9912648117441133)	(4.0, 0.7013797186866402)	(5.0, 0.5216872786928813)	(6.0, 0.44249122262306734)	(7.0, 0.3896760347083534)	(8.0, 0.33567951737445056)	(9.0, 0.3119799515190108)	('>10', 5.316989098699698)	('>50', 2.876194942467673)	('>100', 8.774275079974835)	('>500', 4.853217783878808)	('>1k', 16.541449796942633)	('>5k', 9.409243727924068)	('>10k+', 35.67689411150816)
SRR18856089_1	(1.0, 7.733384801403115)	(2.0, 1.4259104683017025)	(3.0, 0.8137136469601175)	(4.0, 0.5787014939118005)	(5.0, 0.46056269768901104)	(6.0, 0.3781672634718659)	(7.0, 0.3364741305236849)	(8.0, 0.2983032795167007)	(9.0, 0.28308570204546074)	('>10', 4.979188097736915)	('>50', 2.732435865823359)	('>100', 8.536408710593477)	('>500', 5.437685176550695)	('>1k', 15.82325961827552)	('>5k', 8.375637054683773)	('>10k+', 41.807081992512806)
SRR18856090_1	(1.0, 15.42917215105184)	(2.0, 2.9823441292782533)	(3.0, 1.5382981557628004)	(4.0, 1.086855961586201)	(5.0, 0.8306808786413261)	(6.0, 0.6463712669126508)	(7.0, 0.5318968815746842)	(8.0, 0.4644393957087574)	(9.0, 0.38085944841645364)	('>10', 5.990060817001901)	('>50', 2.925030604274642)	('>100', 8.265457324588041)	('>500', 5.638011462643211)	('>1k', 14.286688465919264)	('>5k', 6.501767331199945)	('>10k+', 32.50206572544004)
SRR18856091_1	(1.0, 10.470211739649885)	(2.0, 1.862694263912361)	(3.0, 0.9668901090497487)	(4.0, 0.6771079251274222)	(5.0, 0.5159361003489374)	(6.0, 0.4118352057546)	(7.0, 0.346069683464935)	(8.0, 0.2838441160265648)	(9.0, 0.26898847216134647)	('>10', 4.629660011269696)	('>50', 2.422798225156659)	('>100', 7.377592717039539)	('>500', 4.175439152665653)	('>1k', 13.273238876442628)	('>5k', 7.606885534995817)	('>10k+', 44.7108078669342)
SRR18856092_1	(1.0, 12.215255450348645)	(2.0, 2.220818954811988)	(3.0, 1.130395563874614)	(4.0, 0.7875403474812588)	(5.0, 0.5871474764516734)	(6.0, 0.4988440904403806)	(7.0, 0.43439124650681527)	(8.0, 0.3634803176132522)	(9.0, 0.32255307241796)	('>10', 5.711243355276547)	('>50', 3.020308804186361)	('>100', 9.796067414482383)	('>500', 5.732368844162844)	('>1k', 17.250044858846007)	('>5k', 9.050696448838993)	('>10k+', 30.87884375426028)
SRR18856093_1	(1.0, 7.805758630000133)	(2.0, 1.4368022883448073)	(3.0, 0.8201946397811278)	(4.0, 0.5690965137500751)	(5.0, 0.42626096712853384)	(6.0, 0.3770668795228737)	(7.0, 0.3300515518098984)	(8.0, 0.2695653153784403)	(9.0, 0.2651631984184295)	('>10', 4.670368043854487)	('>50', 2.7005545340572894)	('>100', 8.043700835676667)	('>500', 4.49911431357388)	('>1k', 13.65094617518782)	('>5k', 7.5132101226560914)	('>10k+', 46.62214599085942)
SRR18856094_1	(1.0, 23.152664390519764)	(2.0, 2.995633219722412)	(3.0, 1.5148703004553243)	(4.0, 1.1298320999023412)	(5.0, 0.845478758251589)	(6.0, 0.7002082178966395)	(7.0, 0.5970485407700091)	(8.0, 0.5273291111934005)	(9.0, 0.4819729977929265)	('>10', 7.587228829781657)	('>50', 3.7298379671956283)	('>100', 10.560399763826439)	('>500', 5.019703575759301)	('>1k', 12.153010728379757)	('>5k', 6.0282059989952765)	('>10k+', 22.976575499557597)
SRR18856095_1	(1.0, 19.413102763397422)	(2.0, 4.618032546849956)	(3.0, 1.9040003242527062)	(4.0, 1.1519600887860315)	(5.0, 0.8596963026501753)	(6.0, 0.6956814260958695)	(7.0, 0.6178943539719969)	(8.0, 0.543105765508758)	(9.0, 0.47771913957052664)	('>10', 7.764322362540664)	('>50', 3.677091959369537)	('>100', 9.92145525140431)	('>500', 4.032137439716635)	('>1k', 8.494890466775914)	('>5k', 2.3235844395890086)	('>10k+', 33.50532536952049)
SRR18856096_1	(1.0, 22.927556145204623)	(2.0, 3.0499152649284254)	(3.0, 1.5318842652729432)	(4.0, 1.0884679140936213)	(5.0, 0.8236430466780335)	(6.0, 0.7279324647745764)	(7.0, 0.6255133615192542)	(8.0, 0.5338032465749738)	(9.0, 0.48531876312206845)	('>10', 8.02544658214906)	('>50', 3.736749494500085)	('>100', 9.324655533126192)	('>500', 3.5640689958781953)	('>1k', 8.248630886712148)	('>5k', 4.796687586254858)	('>10k+', 30.509726449210937)
SRR18856097_1	(1.0, 28.05678282290932)	(2.0, 3.718108732164713)	(3.0, 1.9029348645910684)	(4.0, 1.3573239196006652)	(5.0, 1.0375270560244427)	(6.0, 0.8150173909992151)	(7.0, 0.7193267470704855)	(8.0, 0.6391775922399737)	(9.0, 0.5511706283662458)	('>10', 8.294388609856359)	('>50', 3.485172717049566)	('>100', 8.959148272530783)	('>500', 4.090443661777172)	('>1k', 12.216208939342263)	('>5k', 5.5878910326110605)	('>10k+', 18.56937701286666)
SRR18856098_1	(1.0, 28.328503769651388)	(2.0, 3.834251507808196)	(3.0, 1.87147828421289)	(4.0, 1.3425387604137746)	(5.0, 1.0120141849805693)	(6.0, 0.8681918007556599)	(7.0, 0.7566520065243777)	(8.0, 0.6681349566104403)	(9.0, 0.578624982774259)	('>10', 9.76547527670172)	('>50', 4.496206702228889)	('>100', 10.829694760177915)	('>500', 4.671165037082027)	('>1k', 11.953882296747375)	('>5k', 4.339914030805447)	('>10k+', 14.683271642525094)
SRR18856099_1	(1.0, 15.244892233226675)	(2.0, 2.8600229796970096)	(3.0, 1.553160104140524)	(4.0, 1.0260126031707038)	(5.0, 0.7909219357161764)	(6.0, 0.6298297992679329)	(7.0, 0.5116580377145583)	(8.0, 0.44028010158806746)	(9.0, 0.38812097428115505)	('>10', 6.501672478255176)	('>50', 3.37988403843551)	('>100', 10.452662147300737)	('>500', 5.809898097200538)	('>1k', 16.924423990310363)	('>5k', 7.236913044965021)	('>10k+', 26.24964743472985)
SRR18856100_1	(1.0, 9.273711608786897)	(2.0, 1.7068406852405897)	(3.0, 0.9083233153496169)	(4.0, 0.6507051461875696)	(5.0, 0.5182300824861782)	(6.0, 0.4219482159310079)	(7.0, 0.371204862265109)	(8.0, 0.3154191034586684)	(9.0, 0.2750804184443224)	('>10', 5.148689776407946)	('>50', 2.913755760546895)	('>100', 8.994087805304488)	('>500', 5.323593454605779)	('>1k', 17.55768495435793)	('>5k', 9.509534070198242)	('>10k+', 36.111190740428746)
SRR18856101_1	(1.0, 8.771111354598098)	(2.0, 1.6840186778874124)	(3.0, 0.9114435232637396)	(4.0, 0.6320010651805842)	(5.0, 0.49508774201197736)	(6.0, 0.41129843077948364)	(7.0, 0.34883693650335273)	(8.0, 0.2985895336371579)	(9.0, 0.2734157934829503)	('>10', 4.707688759198193)	('>50', 2.4790041537046257)	('>100', 7.919817033914366)	('>500', 4.801718519118663)	('>1k', 13.49854706477702)	('>5k', 8.110693311623232)	('>10k+', 44.656728100319164)
SRR18856102_1	(1.0, 11.066243405183341)	(2.0, 1.9174207309227007)	(3.0, 0.9895908210191727)	(4.0, 0.6897212119909674)	(5.0, 0.5486831759592953)	(6.0, 0.42613099045548136)	(7.0, 0.38083464338650563)	(8.0, 0.32745395295970864)	(9.0, 0.3003891674128046)	('>10', 5.368887143824166)	('>50', 2.7933356578340702)	('>100', 9.034345940175049)	('>500', 5.713474686782781)	('>1k', 15.740956749443214)	('>5k', 6.850526805261578)	('>10k+', 37.85200491738916)
SRR18856103_1	(1.0, 8.547082844359688)	(2.0, 1.5137159845856083)	(3.0, 0.8722501420782678)	(4.0, 0.6472722486599756)	(5.0, 0.5157426999609995)	(6.0, 0.44035195506233904)	(7.0, 0.3812735066025082)	(8.0, 0.3361129220861765)	(9.0, 0.30434751024286344)	('>10', 5.498567865152637)	('>50', 2.941895449430157)	('>100', 10.007000967608953)	('>500', 5.2201423014971375)	('>1k', 18.083997307443518)	('>5k', 8.494237890356098)	('>10k+', 36.19600840487306)
SRR18856104_1	(1.0, 10.134763898355196)	(2.0, 1.8186935778961564)	(3.0, 0.9526408032540675)	(4.0, 0.6653957290611004)	(5.0, 0.5362744727606011)	(6.0, 0.42659603355962755)	(7.0, 0.374985841672794)	(8.0, 0.33670173227839445)	(9.0, 0.2882386867433022)	('>10', 5.134131368036636)	('>50', 2.845511168409167)	('>100', 9.356721205253292)	('>500', 5.39321911030426)	('>1k', 18.01377568074445)	('>5k', 10.55045697114962)	('>10k+', 33.17189372052133)
SRR18856105_1	(1.0, 7.856494340473384)	(2.0, 1.5266319180328538)	(3.0, 0.8856773049164722)	(4.0, 0.6316769899275971)	(5.0, 0.4848167663440259)	(6.0, 0.4300605305799508)	(7.0, 0.36225811714431133)	(8.0, 0.3112739851088866)	(9.0, 0.2659621159486854)	('>10', 4.905166866293209)	('>50', 2.6759279652121073)	('>100', 8.639553357111055)	('>500', 4.570848491637361)	('>1k', 13.693073653152535)	('>5k', 6.004470350151775)	('>10k+', 46.75610724796579)
SRR18856106_1	(1.0, 14.815688377079752)	(2.0, 2.4080337831120415)	(3.0, 1.2690724960059347)	(4.0, 0.8795600636655415)	(5.0, 0.6740156160623977)	(6.0, 0.5698600420593551)	(7.0, 0.5096991699470438)	(8.0, 0.4276874977619766)	(9.0, 0.3819450376759591)	('>10', 7.4874045909839895)	('>50', 4.09049986543388)	('>100', 12.539889983635566)	('>500', 6.878795356405291)	('>1k', 15.114201497485247)	('>5k', 5.091688033499874)	('>10k+', 26.86195858918615)
SRR18856107_1	(1.0, 27.630024121978604)	(2.0, 3.122056943172998)	(3.0, 1.5175352776110644)	(4.0, 1.073864753583624)	(5.0, 0.8583529132143709)	(6.0, 0.6730397742114782)	(7.0, 0.5906447170879109)	(8.0, 0.5060643012992497)	(9.0, 0.4435855816605448)	('>10', 7.530253634146396)	('>50', 3.707700941775257)	('>100', 9.38136882406515)	('>500', 4.647357311822786)	('>1k', 10.324132872513488)	('>5k', 3.649874921672611)	('>10k+', 24.344143110184465)
SRR18856108_1	(1.0, 32.441515835150895)	(2.0, 4.194647144728714)	(3.0, 2.1173086157143404)	(4.0, 1.4514976996339075)	(5.0, 1.1408501898949746)	(6.0, 0.9106474890078813)	(7.0, 0.753503065794665)	(8.0, 0.7193484735873887)	(9.0, 0.6275409032441951)	('>10', 9.830368372851364)	('>50', 4.473896625649902)	('>100', 10.081366861030977)	('>500', 3.8023830475107228)	('>1k', 6.768676148962125)	('>5k', 1.6817213980427657)	('>10k+', 19.00472812919518)
SRR18856109_1	(1.0, 26.050568462179946)	(2.0, 3.2746651156886895)	(3.0, 1.6300505015157971)	(4.0, 1.1388116835577846)	(5.0, 0.8866522328926624)	(6.0, 0.7267952700470373)	(7.0, 0.6328950202388278)	(8.0, 0.5597808775145253)	(9.0, 0.49299644097846385)	('>10', 8.04567227088782)	('>50', 3.781260330847669)	('>100', 10.007108726578815)	('>500', 4.2676253397112545)	('>1k', 9.93987648608443)	('>5k', 2.927956189803003)	('>10k+', 25.637285051473306)
SRR18856110_1	(1.0, 35.00669341800184)	(2.0, 4.333516049489158)	(3.0, 2.2875017485592872)	(4.0, 1.6367576302055504)	(5.0, 1.2573419995818158)	(6.0, 1.0979373887900359)	(7.0, 0.960844225247502)	(8.0, 0.7570154703173224)	(9.0, 0.7274640368120662)	('>10', 11.293063889146707)	('>50', 5.073867622761415)	('>100', 12.296456099913062)	('>500', 5.957777010908361)	('>1k', 10.63748614502338)	('>5k', 2.7415292098021067)	('>10k+', 3.9347480554404153)
SRR18856111_1	(1.0, 31.983509176328557)	(2.0, 3.673853509626088)	(3.0, 1.8498168124241328)	(4.0, 1.2823807046765656)	(5.0, 0.9886541540177145)	(6.0, 0.82697662389872)	(7.0, 0.7074583505872216)	(8.0, 0.6258875450542424)	(9.0, 0.5639083863132023)	('>10', 8.904914575323325)	('>50', 4.114869627748311)	('>100', 10.894347071109616)	('>500', 4.676357984952705)	('>1k', 9.085487310133225)	('>5k', 3.734064201231082)	('>10k+', 16.087513966575248)
SRR18856112_1	(1.0, 13.212753771517875)	(2.0, 2.61599545094637)	(3.0, 1.473894549508107)	(4.0, 1.0014552715676954)	(5.0, 0.7858049170337125)	(6.0, 0.6415317150049314)	(7.0, 0.5281265539476344)	(8.0, 0.4575040565624631)	(9.0, 0.3997674399869738)	('>10', 5.822261511181015)	('>50', 2.8150859042778698)	('>100', 8.61360470773337)	('>500', 4.676602179413282)	('>1k', 15.161105576767373)	('>5k', 6.951437085018272)	('>10k+', 34.84306930953305)
SRR18856113_1	(1.0, 10.24058813077851)	(2.0, 1.9303463891292856)	(3.0, 1.0287708121994774)	(4.0, 0.7045046247948988)	(5.0, 0.5296236333928516)	(6.0, 0.42274959999143485)	(7.0, 0.3547096699500786)	(8.0, 0.3190202155034852)	(9.0, 0.26946228470204936)	('>10', 4.670800689946034)	('>50', 2.360738258716678)	('>100', 7.656380783346299)	('>500', 4.264539986747953)	('>1k', 14.092472156058461)	('>5k', 7.9664848009721085)	('>10k+', 43.1888079637704)
SRR18856114_1	(1.0, 6.537810246919297)	(2.0, 1.3027609393766333)	(3.0, 0.7554801954520355)	(4.0, 0.5602182690822458)	(5.0, 0.4421781441916031)	(6.0, 0.3813981825456167)	(7.0, 0.3162464816761657)	(8.0, 0.29205179904935263)	(9.0, 0.2535810485034747)	('>10', 4.648460113198648)	('>50', 2.591200844374499)	('>100', 8.070030834451725)	('>500', 4.592032340383395)	('>1k', 13.995805739421744)	('>5k', 8.138605244764625)	('>10k+', 47.12213957660894)
SRR18856115_1	(1.0, 10.639670141597271)	(2.0, 1.872679340866044)	(3.0, 0.9485603975967551)	(4.0, 0.6810799071789336)	(5.0, 0.5039392135375244)	(6.0, 0.43734066213778555)	(7.0, 0.3522506848663553)	(8.0, 0.3059282868841336)	(9.0, 0.2759225663020933)	('>10', 4.828889816164426)	('>50', 2.6281493494936217)	('>100', 7.737536116153108)	('>500', 4.4811927559538685)	('>1k', 14.718502756610624)	('>5k', 7.743800031567378)	('>10k+', 41.844557973090076)
SRR18856116_1	(1.0, 9.72235707793966)	(2.0, 1.623655123525174)	(3.0, 0.8897261349790164)	(4.0, 0.624739299630745)	(5.0, 0.4879769913883224)	(6.0, 0.4141524468930919)	(7.0, 0.35877485387203006)	(8.0, 0.3069694189949637)	(9.0, 0.2824366694720955)	('>10', 5.237371137002485)	('>50', 2.850281807969932)	('>100', 8.74762196450967)	('>500', 5.17899420894928)	('>1k', 16.544851556887465)	('>5k', 7.83713653657379)	('>10k+', 38.89295477141226)
SRR18856117_1	(1.0, 10.549776038838715)	(2.0, 2.028579436271206)	(3.0, 1.0508452953727656)	(4.0, 0.7204846011480178)	(5.0, 0.5560553914920237)	(6.0, 0.43704688064586195)	(7.0, 0.3822605466880271)	(8.0, 0.3305463782943234)	(9.0, 0.2792739864675329)	('>10', 4.827874749226332)	('>50', 2.5234738445785374)	('>100', 7.827947636737735)	('>500', 4.609657986155771)	('>1k', 14.948704500738511)	('>5k', 8.070264107273598)	('>10k+', 40.85720862007102)
SRR18856118_1	(1.0, 8.53708054784538)	(2.0, 1.5268276720463894)	(3.0, 0.8428558924879396)	(4.0, 0.6217094690685057)	(5.0, 0.5086537256475594)	(6.0, 0.3947802427481617)	(7.0, 0.3564020675676204)	(8.0, 0.2939110305583351)	(9.0, 0.2736665720404417)	('>10', 5.138296589546068)	('>50', 3.0046930165000743)	('>100', 9.262805303923669)	('>500', 5.195636581253046)	('>1k', 15.677554103583901)	('>5k', 5.7766960282008295)	('>10k+', 42.588431156982075)
SRR18856119_1	(1.0, 13.089739871329604)	(2.0, 2.4822785153383093)	(3.0, 1.3406886051736773)	(4.0, 0.9668999494676901)	(5.0, 0.7748974165308538)	(6.0, 0.6137592139297636)	(7.0, 0.5295269666487245)	(8.0, 0.47438623383276407)	(9.0, 0.41956092984312116)	('>10', 7.498988934653806)	('>50', 3.947105094604871)	('>100', 12.070711493054752)	('>500', 6.637863647740729)	('>1k', 19.390274348220213)	('>5k', 6.777891023331701)	('>10k+', 22.98542775629942)
SRR18856120_1	(1.0, 16.225058675337948)	(2.0, 2.2148709973868517)	(3.0, 1.1575942878057321)	(4.0, 0.8298143169719335)	(5.0, 0.6689973694337584)	(6.0, 0.5316256170880861)	(7.0, 0.4724900302378202)	(8.0, 0.4227217024150258)	(9.0, 0.3781702867708953)	('>10', 6.520681300101253)	('>50', 3.264789934562235)	('>100', 9.313500083767593)	('>500', 4.263018854524955)	('>1k', 11.623529401313426)	('>5k', 4.545399389239603)	('>10k+', 37.56773775304289)
SRR18856121_1	(1.0, 33.837067101212774)	(2.0, 3.8188662511763227)	(3.0, 1.903792220025573)	(4.0, 1.285468529424622)	(5.0, 1.0029652684662267)	(6.0, 0.8505293773418113)	(7.0, 0.7148587762826862)	(8.0, 0.6195767839595672)	(9.0, 0.541517938153025)	('>10', 9.349981910717538)	('>50', 4.193600173927071)	('>100', 11.29388418811873)	('>500', 5.1771645221151426)	('>1k', 13.324374447498602)	('>5k', 4.165301327647111)	('>10k+', 7.921051183933193)
SRR18856122_1	(1.0, 6.470781511246101)	(2.0, 1.2849312297965776)	(3.0, 0.7449413114448179)	(4.0, 0.5323305065146288)	(5.0, 0.4113538779422155)	(6.0, 0.3682854274697589)	(7.0, 0.3040541778585294)	(8.0, 0.27491476011078586)	(9.0, 0.25584676351107183)	('>10', 4.576758233493053)	('>50', 2.4702447541372283)	('>100', 8.037033420043413)	('>500', 4.7951223836549595)	('>1k', 13.450488709345109)	('>5k', 7.275928262433054)	('>10k+', 48.746984670998685)
SRR18856123_1	(1.0, 9.295771934597694)	(2.0, 1.5753324883013393)	(3.0, 0.8401174409900986)	(4.0, 0.5776839799551016)	(5.0, 0.4816446442221454)	(6.0, 0.3892049722613168)	(7.0, 0.341144341685392)	(8.0, 0.29837641155769634)	(9.0, 0.2865419006009934)	('>10', 4.766783407910526)	('>50', 2.6373976775342602)	('>100', 7.902412207724149)	('>500', 4.530836555258189)	('>1k', 13.85519041480008)	('>5k', 7.556265532432091)	('>10k+', 44.66529609016893)
SRR18856124_1	(1.0, 7.263348143445185)	(2.0, 1.4638861915045314)	(3.0, 0.8611416457302377)	(4.0, 0.6219796262153162)	(5.0, 0.4912201989989009)	(6.0, 0.42517195931804225)	(7.0, 0.3651216778337924)	(8.0, 0.3327366144421088)	(9.0, 0.2944638565744742)	('>10', 5.081777112218876)	('>50', 2.7073459424889865)	('>100', 8.723450264672845)	('>500', 5.653080450568905)	('>1k', 17.630795446135778)	('>5k', 10.628398163231882)	('>10k+', 37.456082706620144)
SRR18856125_1	(1.0, 11.299680081946759)	(2.0, 2.0262290428472585)	(3.0, 1.0576220181229876)	(4.0, 0.7625902927810554)	(5.0, 0.5856451706091997)	(6.0, 0.457600123301815)	(7.0, 0.4278386865823437)	(8.0, 0.3570466526140767)	(9.0, 0.31531964953906905)	('>10', 5.544750153825445)	('>50', 3.0619052765030856)	('>100', 9.493018074323974)	('>500', 6.200056196672785)	('>1k', 19.13068366031873)	('>5k', 8.755238705637101)	('>10k+', 30.524776214374327)
SRR18856126_1	(1.0, 9.058849149128715)	(2.0, 1.6780946862038242)	(3.0, 0.9434365159953656)	(4.0, 0.6625695111128672)	(5.0, 0.5259571921324898)	(6.0, 0.4404996281836949)	(7.0, 0.3810428538057078)	(8.0, 0.3430444434267885)	(9.0, 0.31549627977423506)	('>10', 5.536661537874618)	('>50', 2.9086385049464374)	('>100', 9.141810573756933)	('>500', 5.658328132181205)	('>1k', 16.334004667221016)	('>5k', 8.97718308330754)	('>10k+', 37.09438324094857)
SRR18856127_1	(1.0, 8.057376454765693)	(2.0, 1.4512777572279592)	(3.0, 0.8197203770605545)	(4.0, 0.5992544764456662)	(5.0, 0.45403970276495265)	(6.0, 0.4079587329041977)	(7.0, 0.34637759521475325)	(8.0, 0.3178826347727966)	(9.0, 0.26980642370458113)	('>10', 5.005117261053038)	('>50', 2.822614951596987)	('>100', 8.844983901479086)	('>500', 4.750924192730754)	('>1k', 14.598563818174554)	('>5k', 7.261906408321757)	('>10k+', 43.99219531178267)
SRR18856128_1	(1.0, 11.655032082215849)	(2.0, 2.036465626812246)	(3.0, 1.0074193755558736)	(4.0, 0.7190216855569556)	(5.0, 0.5388090780980568)	(6.0, 0.45917044018147257)	(7.0, 0.3834439755425909)	(8.0, 0.3157968213133757)	(9.0, 0.2871236911384718)	('>10', 5.107957925009426)	('>50', 2.7176741551200796)	('>100', 7.824071996381207)	('>500', 4.483194543600756)	('>1k', 14.1938371689346)	('>5k', 7.419703369221639)	('>10k+', 40.851278065317395)
SRR18856129_1	(1.0, 9.996138914181467)	(2.0, 1.7535589156412486)	(3.0, 0.9276976283700438)	(4.0, 0.648853303081)	(5.0, 0.46755835075676666)	(6.0, 0.4104471991140898)	(7.0, 0.3388504672854486)	(8.0, 0.3065427580592654)	(9.0, 0.2783325301407106)	('>10', 4.703678424631068)	('>50', 2.5315731218325945)	('>100', 7.649206622722978)	('>500', 4.273097896912178)	('>1k', 13.552435584553017)	('>5k', 7.476654572228314)	('>10k+', 44.68537371048982)
SRR18856130_1	(1.0, 11.504942123970082)	(2.0, 2.086613777257653)	(3.0, 1.0470916468016096)	(4.0, 0.6635333556595352)	(5.0, 0.49746257864733134)	(6.0, 0.40640009484506173)	(7.0, 0.3504885010149646)	(8.0, 0.28465587281653754)	(9.0, 0.26430196317148896)	('>10', 4.472857129653747)	('>50', 2.26020531980501)	('>100', 6.872650815242581)	('>500', 3.785102700014663)	('>1k', 11.304081946539695)	('>5k', 6.554685714498752)	('>10k+', 47.6449264600613)
